"","WHO_Region","Cases._perMil","Deaths._perMil","mean._age","Transmission_Classification","HIV.AIDS","Genital.herpes","Ascariasis","Malaria","Trichuriasis","Tuberculosis","popDen_2018","latitude","longitude","Avg_Rainfall91.2016_mm","Avg_temp91.2016_c","GDPpc","PerUrb","HCexpend","inv_simpsons","Hookworm.disease","Schistosomiasis","Lymphatic.filariasis","inf_diseaseBurden","Total_tests_per_thousand","Diabetes_prevalence","Cardiovasc_death_rate","Hospital_beds_per_thousand","lag_rate"
"Afghanistan","Eastern Mediterranean",1422.72,62.01,19.5,"Clusters_of_cases",0.000141588,0.059984655,0.191078231,0.01072646,0.058064598,0.16662204,56.93776001,33.93911,67.709953,26.84327013,13.54560946,521.6847275,25.2644,521.6847275,4.201166,0.014738821,0,0,3342377.718,20551.181839,9.59,597.029,0.5,5966.3475
"Albania","Europe",29984.39,511.5,34.3,"Clusters_of_cases",1.23e-05,0.080235601,0,0,0,0.173748103,104.6122628,41.153332,20.168331,82.68188798,12.10643452,4649.100558,59.3572,4649.100558,2.550607,0,0,0,25437.10223,20674.434,10.08,304.195,2.89,48416.3083333333
"Algeria","Africa",2492.83,66.54,28.9,"Community_transmission",0.000239969,0.104315389,0.034601499,5.3e-05,0.029352264,0.098426038,17.73007507,28.033886,1.659626,6.835601538,23.43961026,4074.396794,72.0354,4074.396794,4.54016,0.002620166,0.00776125,0,469883.1626,38945.9199569999,6.73,278.364,1.9,31122.975
"Andorra","Europe",132983.89,1371.9,46.2,"Community_transmission",0.001381292,0.123036984,0,0,0,0.080270793,163.8425532,42.546245,1.601554,63.13818955,11.95374638,38975.90305,88.1578,38975.90305,2.289178,0,0,0,576.2917623,30973.766,7.97,109.135,3.981338,35199.178
"Angola","Africa",611.93,14.45,15.9,"Community_transmission",0.013121521,0.218327663,0.075926409,0.118632222,0.059438017,0.290412017,24.71305206,-11.202692,17.873887,80.56724208,22.13381538,3569.847758,64.825,3569.847758,6.103529,0.06456734,0.05386833,0.015869857,5045943.52,6955.29164099999,3.94,276.045,1.51192,5832.41285714286
"Antigua and Barbuda","Americas",3226.83,71.48,32.7,"Sporadic_cases",0.003264522,0.255705792,0.014851097,0,0.032754872,0.210553689,37.37236563,17.060816,-61.796428,213.8767163,26.15621474,15730.53824,24.7328,15730.53824,3.970921,0.006211288,0.085497807,0,1471.118581,60070.9156989999,13.17,191.511,3.8,13727.9616666667
"Argentina","Americas",43817.08,1087.96,32.4,"Community_transmission",0.004449984,0.187137738,0.014655095,0,0.032611537,0.188152287,16.2585101,-38.416097,-63.616672,48.74463612,14.56888061,12547.62491,91.748,12547.62491,3.281138,0.006908173,0,0,943901.1828,23006.306,5.5,191.032,5,19448.382
"Armenia","Europe",56795.88,1054.93,36.6,"Community_transmission",0.000483401,0.106599781,0.011799811,0,0.002192676,0.202106634,103.6802248,40.069099,45.038189,44.77818904,7.803381795,3991.370202,63.1276,3991.370202,3.222748,0.007776349,0,0,35765.51701,31903.328,7.11,341.01,4.2,26311.5375
"Australia","Western Pacific",1131.65,35.65,37.5,"Sporadic_cases",0.00075371,0.134291727,0,0,0,0.114278189,3.24787091,-25.274398,133.775136,40.40741638,21.96657147,54634.02203,85.9082,54634.02203,2.452284,0,0,0,114896.8342,73845.433,5.07,107.791,3.84,3161.15714285714
"Austria","Europe",46794.73,881.6,44.5,"Community_transmission",0.002054762,0.110889052,0,0,0,0.080261903,107.1279669,47.516231,14.550072,98.31900946,7.202214904,47699.46776,58.1052,47699.46776,2.381989,0,0,0,42469.61512,198024.173,6.35,145.183,7.37,66998.8716666667
"Azerbaijan","Europe",22802.44,311.76,32.6,"Clusters_of_cases",0.00034459,0.097465891,0.014524798,0,0.002441868,0.243663008,120.2343172,40.143105,47.576927,35.98206744,12.41966824,4612.313512,55.3578,4612.313512,2.984225,0.008617664,0,0,259469.8601,42311.4682030003,7.11,559.812,4.7,28564.595
"Bahamas","Americas",21078.52,447.56,32.8,"Clusters_of_cases",0.011330111,0.248152837,0.009967219,0,0.033302834,0.231260043,38.52547453,25.03428,-77.39628,110.0077478,25.40345449,32841.51708,82.932,32841.51708,3.314203,0.006249382,0,0,10252.62802,75279.9890089998,13.17,235.954,2.9,24474.8583333333
"Bahrain","Eastern Mediterranean",63498.82,225.09,32.9,"Clusters_of_cases",0.000173699,0.115550152,0.014914745,0,0.025785107,0.146110917,2017.2737,25.930414,50.637772,5.931829167,27.91451058,23296.12435,89.1912,23296.12435,3.507296,0.002197242,0,0,8450.281002,307375.675,16.52,151.689,2,30525.3725
"Bangladesh","South-East Asia",3269.05,49.92,27.9,"Community_transmission",5.37e-05,0.065889817,0.325112124,0.000498385,0.107955917,0.078221645,1239.579312,23.684994,90.356331,193.0744926,25.3337391,1553.615589,35.8572,1553.615589,3.234086,0.014830542,0,0.004276176,6000488.732,4805.207,8.38,298.003,0.8,4838.524
"Barbados","Americas",5946.93,62.64,39.5,"Community_transmission",0.00522789,0.274008772,0.010805184,0,0.031499789,0.20969733,666.6069767,13.193887,-59.543198,186.4684396,26.70339359,17342.02081,31.1812,17342.02081,3.170846,0.007768537,0,0,5743.6738,68661.0216929996,13.57,170.05,5.8,10438.53625
"Belarus","Europe",27462.18,189.64,40.9,"Community_transmission",0.001883456,0.16493793,0,0,0,0.171825734,46.71950379,53.709807,27.953389,52.53906904,7.362349006,5945.370122,78.123,5945.370122,2.725554,0,0,0,98387.28214,24993.22,5.18,443.129,11,40839.10625
"Belgium","Europe",62683.92,1848.46,41.6,"Community_transmission",0.002212431,0.116865479,0,0,0,0.079053598,377.3795905,50.503887,4.469936,72.66912532,10.57346205,44234.45458,97.9596,44234.45458,2.274107,0,0,0,117957.3739,144881.188,4.29,114.898,5.64,62592.925
"Belize","Americas",30272.01,769.56,23.9,"Community_transmission",0.006787961,0.198746406,0.043456408,0.000388038,0.03985373,0.228957292,16.79399386,17.189877,-88.49765,174.3321341,25.63707083,4836.366928,45.6184,4836.366928,3.77912,0.007686635,0,0,10969.82507,33896.5927229999,17.11,176.957,1.3,21896.6585714286
"Benin","Africa",345.87,4.54,17,"Community_transmission",0.005729919,0.133067377,0.059396369,0.32736205,0.039268383,0.189676198,101.8539198,9.30769,2.315834,87.34315218,27.88625321,1152.188106,46.773,1152.188106,5.509188,0.085212644,0.105927833,0.002789872,2841066.915,4660.30114399998,0.99,235.848,0.5,1651.914
"Bermuda","Americas",11112.36,192.7,43.6,"Sporadic_cases",0.002899534,0.29456357,0.007031418,0,0.026163101,0.156496414,1183.703683,32.321384,-64.75737,109.994415000135,18.356537331461,110164.5579,100,110164.5579,2.846269,0.005664402,0,0,812.2773207,230743.249500002,13,139.547,4.54243000000001,30429.825
"Bhutan","South-East Asia",1115.85,1.3,29.1,"Clusters_of_cases",0.0009928,0.065167918,0.212127821,0.000931135,0.061556721,0.061241106,19.77752777,27.514162,90.433601,159.6253066,12.25373468,3105.89273,40.156,3105.89273,3.81369,0.012282557,0,0,27708.77109,90286.694,9.75,217.066,1.7,4826.895
"Bolivia (Plurinational State of)","Americas",19529.39,924.87,25.3,"Community_transmission",0.001441466,0.216895313,0.033865613,0.001358619,0.036163061,0.185022568,10.48014585,-16.290154,-63.588653,91.00180651,20.90170128,3312.882825,69.0818,3312.882825,3.927734,0.005664131,0,0,527540.597,10075.434,6.89,204.299,1.1,27434.6216666667
"Bosnia and Herzegovina","Europe",37826.23,1467.01,43.3,"Community_transmission",4.18e-05,0.088018895,0,0,0,0.193829225,64.92048828,43.915886,17.679076,90.6193324,10.48909301,5459.449478,47.8876,5459.449478,2.46713,0,0,0,23754.6871,28346.462,10.08,329.635,3.5,59660.3228571429
"Botswana","Africa",10390.68,76.12,25.7,"Community_transmission",0.157515946,0.30111756,0.00646852,0.000807414,0.045683201,0.154839046,3.977424876,-22.328474,24.684866,31.47796862,22.29560192,7635.579977,68.6812,7635.579977,5.529895,0.027755064,0.112411698,0,462837.0162,24637.686686,4.81,237.372,1.8,9062.59428571429
"Brazil","Americas",44809.31,1089.27,33.2,"Community_transmission",0.004276361,0.28641381,0.022907849,0.000725891,0.036629627,0.270806068,25.06171624,-14.235004,-51.92528,147.6897981,25.50485192,9033.580888,86.3028,9033.580888,3.608581,0.009106958,0.029321899,0.000493627,4821292.12,239.485,8.11,177.961,2.2,13421.78625
"British Virgin Islands","Americas",4663.16,33.07,37.2,"Clusters_of_cases",0.001329502,0.101604272,0,0,0,0.27618594,198.68,18.420695,-64.639968,94.6905904881942,18.654962600051,27921.0155768352,47.3432,29122.1677684633,2.219002,0,0,0.023342331,2263947.39130591,133611.315667,8.93260000000001,184.5603,3.370797,17891.73
"Brunei Darussalam","Western Pacific",416.02,6.86,31.1,"Sporadic_cases",0.00026587,0.121202378,0,0,0,0.195379223,81.39696395,4.535277,114.727669,272.6018391,25.71679615,29921.92243,77.3072,29921.92243,2.568537,0,0,0,4922.361015,106778.89017225,12.79,201.285,2.7,5399.56
"Bulgaria","Europe",32359.61,1355.7,43.7,"Clusters_of_cases",0.004212876,0.137242689,0.15046198,0.31023491,0.03316745,0.198971216,64.71109985,42.733883,25.48583,52.67103913,11.28779103,8438.950271,74.6686,8438.950271,5.15629,0.026302201,0.008633084,0.005708985,75492.24605,35540.91,5.81,424.688,7.454,36623.0557142857
"Burkina Faso","Africa",541.02,6.41,17.9,"Community_transmission",0.0073639,0.18515429,0.084708166,0.353547631,0.096215259,0.229124914,72.19128289,12.238333,-1.561593,66.58027099,28.69861186,735.3127105,28.749,735.3127105,6.419935,0.110207211,0.094830772,0,6668974.485,6507.64517499996,2.42,269.048,0.4,838.221666666667
"Burundi","Africa",145.49,0.25,17.7,"Community_transmission",0.016703432,0.153722651,0.041483709,0.28462141,0.030999333,0.21036991,435.178271,-3.373056,29.918886,103.0768135,20.88023718,282.7480102,12.714,282.7480102,6.349234,0.044514899,0.082007971,0.105871136,2458859.325,6390.25907899999,6.05,293.068,0.8,1241.16
"Cabo Verde","Africa",25991.61,244.61,26.8,"Community_transmission",0.005222856,0.204796182,0.035668988,0.002623379,0.036816176,0.146443565,134.9297767,16.002082,-24.013197,28.93012,23.42969808,3337.546481,65.2544,3337.546481,4.38299,0.015395551,0,0,19434.72426,22297.53702,2.42,182.219,2.1,14756.9275
"Cameroon","Africa",1182.63,17.86,18.5,"Community_transmission",0.020951069,0.190293912,0.060342444,0.211546577,0.062464591,0.190936048,53.34398891,7.369722,12.354722,131.5150435,24.93106635,1431.776971,55.7752,1431.776971,7.103678,0.043689841,0.043418335,0.003487259,6447610.838,3854.492932,7.2,244.661,1.3,1477.942
"Canada","Americas",21309.33,550.23,41.8,"Community_transmission",0.002690069,0.116814992,0,0,0,0.111035374,4.075188239,56.130366,-106.346771,38.67237853,-5.963873782,44712.88921,81.3604,44712.88921,2.640949,0,0,0,260343.016,111706.658,7.37,105.599,2.5,31135.8875
"Central African Republic","Africa",1032.97,13.04,20,"Community_transmission",0.021881786,0.230159865,0.114669455,0.262438797,0.066932805,0.366953849,7.490412212,6.611111,20.939444,113.5673233,25.40206346,434.8751176,41.0018,434.8751176,6.923105,0.090510089,0.05874679,0.055432266,2352804.058,7133.87003899998,6.1,435.727,1,785.272857142857
"Chad","Africa",213.57,7.61,16.1,"Community_transmission",0.008418957,0.104030551,0.107398078,0.08796556,0.068863815,0.220157991,12.29173364,15.454166,18.732207,28.75294837,27.55332756,714.2214925,22.8776,714.2214925,6.703248,0.235672109,0.031752077,0.016521342,6404644.032,8297.11830499996,6.1,280.995,0.501080000000002,3372.28714285714
"Chile","Americas",39513.6,996.85,35.5,"Community_transmission",0.003237307,0.200374593,0.008930723,0,0.030491584,0.159209868,25.18944607,-35.675147,-71.542969,50.72814519,8.454477692,14629.67689,87.4958,14629.67689,3.108465,0.006584332,0,0,180755.7732,83880.826,8.46,127.993,2.11,26737.578
"China","Western Pacific",68.89,3.28,38.4,"Clusters_of_cases",0.000404628,0.125964241,0.012521918,4.95e-07,0.06177465,0.318248816,148.3488333,35.86166,104.195397,48.27837978,7.039331891,9066.535078,57.9312,9066.535078,2.997266,0.011554511,0.00793022,0,12261284.12,173.692,9.74,261.899,4.34,1049.695
"Colombia","Americas",42395.7,1100.43,31.2,"Community_transmission",0.002264601,0.260648484,0.102167183,0.002271523,0.049057664,0.229311975,44.75985219,4.570868,-74.297333,221.0699689,24.73434872,6313.789701,80.44,6313.789701,4.149948,0.020204548,0,0,684290.861,36302.419,7.44,124.24,1.71,22654.0171428571
"Comoros","Africa",3625.8,132.24,20.9,"Community_transmission",0.000172793,0.244216836,0.013812703,0.027963177,0.040962831,0.227918418,447.2444775,-11.875001,43.872219,133.4617955,25.72138397,1325.11545,28.8004,1325.11545,4.726723,0.034616435,0,0.064374556,71320.86031,15713.5736239999,11.88,261.516,2.2,3113.51
"Congo","Africa",1460.65,22.11,19.5,"Community_transmission",0.018871743,0.261367146,0.018394858,0.187788963,0.052451287,0.300761747,15.35684627,-0.228021,15.827659,133.606601,24.84103558,2317.07112,66.4584,2317.07112,5.345646,0.028336419,0.06656487,0.014900461,763246.2455,9722.56613999995,7.2,344.094,1.72761,2068.515
"Costa Rica","Americas",38561.73,524.53,32.6,"Community_transmission",0.001510127,0.249690478,0.073293082,0,0.04891673,0.2137157,97.91306306,9.748917,-83.753428,243.6692138,24.92141442,11827.23277,78.5146,11827.23277,4.124231,0.018762861,0,0,47397.47801,2665.772,2.42,303.74,2.21859199999999,24989.57
"Croatia","Europe",57427.69,1272.51,43.9,"Community_transmission",0.000220843,0.098260066,0,0,0,0.145472657,73.04937455,45.1,15.2,89.79589846,11.44510413,13509.00583,56.6828,13509.00583,2.82677,0,0,0,24175.69268,44987.413,5.59,253.782,5.54,64468.2325
"Cuba","Americas",2956.22,21.19,42.1,"Community_transmission",0.002240084,0.277051118,0.021490859,0,0.030604733,0.183455201,108.9995962,21.521757,-77.781167,112.6315038,25.90257436,8279.459343,76.9898,8279.459343,3.148076,0.007606103,0,0,181244.7322,32161.237,8.27,190.968,5.2,14768.43
"Cyprus","Europe",26391.49,177.25,37.9,"Clusters_of_cases",0.000154515,0.114568362,0,0,0,0.081148834,128.7083333,35.126413,33.429859,37.82776529,19.47115897,26150.60121,66.8556,26150.60121,2.313696,0,0,0,5925.231136,363477.617,9.24,141.171,3.4,27193.5116666667
"Czechia","Europe",97593.97,1633.86,43.3,"Community_transmission",0.000164339,0.079950371,0,0,0,0.148011115,137.6577053,49.817492,15.472962,56.57416423,8.756214455,20790.31403,73.687,20790.31403,2.692145,0,0,0,92634.70528,138143.349959,6.82,227.485,6.63,39675.8966666667
"Democratic Republic of the Congo","Africa",264.29,7.6,16.7,"Community_transmission",0.004399102,0.220320909,0.14343247,0.251714316,0.124957197,0.313106547,37.08259236,-4.038333,21.758664,122.1602333,24.53754904,514.6982648,43.8866,514.6982648,7.636924,0.137829346,0.050999004,0.024192352,15851031.15,4621.52866199999,6.1,318.949,0.761839999999999,1323.81166666667
"Denmark","Europe",34883.28,382.58,42,"Community_transmission",0.001194471,0.128687325,0,0,0,0.08061606,137.9765658,56.26392,9.501785,61.73003987,8.678213269,57459.56645,87.7586,57459.56645,2.247537,0,0,0,48953.80079,416039.197,6.41,114.767,2.5,49180.4783333333
"Djibouti","Eastern Mediterranean",6022.27,63.77,24.9,"Clusters_of_cases",0.01162396,0.205471941,0.039146068,0.013112981,0.031037366,0.185034222,41.36842105,11.825138,42.590275,21.71606471,28.26240865,2986.47475,77.657,2986.47475,4.336196,0.009997282,0.00212565,0,152543.8687,16890.58472,6.05,258.037,1.4,569.29
"Dominican Republic","Americas",20660.11,262.08,27.9,"Community_transmission",0.005676965,0.212857024,0.048114851,2.15e-05,0.036627944,0.234603392,219.9785759,18.735693,-70.162651,121.4442597,24.48336154,7628.896587,80.2362,7628.896587,4.85857,0.006837338,0.124032855,0.016394668,313471.2202,15897.987,8.2,266.653,1.6,18969.895
"Ecuador","Americas",14657.72,850.93,28.8,"Community_transmission",0.002364769,0.233564259,0.083419841,0.00156621,0.056763742,0.149822992,68.78868175,-1.831239,-78.183406,185.949474,21.70914423,6175.569094,63.6818,6175.569094,3.996424,0.00540088,0,0,395173.5921,9439.902,5.55,140.448,1.5,36079.345
"Egypt","Eastern Mediterranean",1663.24,94.78,24.1,"Clusters_of_cases",4.72e-05,0.090130189,0.030892309,0,0.023953185,0.2850804,98.87346929,26.820553,30.802498,2.485025064,23.05570769,3016.685489,42.7312,3016.685489,2.850767,0.003722298,0.012140755,0.00721943,2415120.45,59529.2481460002,17.31,525.432,1.6,22147.517
"El Salvador","Americas",8734.38,260.86,27.7,"Community_transmission",0.003484775,0.23023373,0.055061099,9.86e-05,0.067319448,0.252553152,309.8814672,13.794185,-88.89653,151.2771268,24.37199647,3935.347657,71.249,3935.347657,4.427262,0.058641967,0,0,136830.2207,23420.179,8.87,167.295,1.3,17707.6671428571
"Equatorial Guinea","Africa",4001.47,62.01,20.3,"Community_transmission",0.051830953,0.225254293,0.025386441,0.336657105,0.047888214,0.242399005,46.66573975,1.650801,10.267895,181.8614803,24.89411058,9695.565902,71.634,9695.565902,5.342202,0.014961297,0.042097156,0.011434465,244255.7199,23731.613423,7.78,202.812,2.1,2964.972
"Eritrea","Africa",655.87,1.97,20.3,"Community_transmission",0.003884645,0.174672616,0.020338457,0.012100602,0.052311985,0.242417038,67.1496497260431,15.179384,39.782334,22.56127292,26.94000224,1946.01174167649,45.3232097999998,1843.50715914359,5.31396,0.118767289,0.039476449,0.00370359,952438.16,6281.11933799998,6.05,311.11,0.7,3387.96666666667
"Estonia","Europe",36794.36,357.32,43.7,"Clusters_of_cases",0.002565861,0.164118541,0,0,0,0.156131064,30.41124914,58.595272,25.013607,55.74426596,6.166056154,20662.39145,68.7254,20662.39145,2.738242,0,0,0,12877.44777,116647.326,4.02,255.569,4.69,33141.65
"Eswatini","Africa",13992.85,523.2,23.7,"Community_transmission",0.195835479,0.269845843,0.012111648,0.000609254,0.054632396,0.24507416,66.05761628,-26.523,31.466,66.01406798,20.46310801,3804.169904,23.6328,3804.169904,5.828574,0.084862204,0.063254385,0,307435.9878,12886.82791,3.94,333.436,2.1,3282.72833333333
"Ethiopia","Africa",1243.82,18.75,19.8,"Community_transmission",0.007571648,0.136782514,0.033916645,0.042854424,0.061230912,0.324872315,109.224559,9.145,40.489673,67.66684324,23.15304776,750.6946936,20.3184,750.6946936,5.798468,0.207724673,0.197671421,0.005701588,13179967.4,3729.351,7.47,182.634,0.3,1662.075
"Fiji","Western Pacific",62.47,2.23,29.9,"Sporadic_cases",0.000539127,0.175090956,0.026101208,0,0.052187617,0.382663735,48.35703339,-16.578193,179.414413,239.7889574,24.32588622,5927.294145,55.7402,5927.294145,3.812702,0.011796247,0,0.10562771,28795.92277,5273.6,14.49,412.82,2.3,10043.65
"Finland","Europe",8657.54,126.52,42.8,"Community_transmission",0.00026002,0.115729409,0,0,0,0.077641147,18.14854727,61.92411,25.748151,46.89010253,2.402187596,46343.86227,85.3306,46343.86227,2.271507,0,0,0,23073.58383,101950.891,5.76,153.507,3.28,32310.1125
"France","Europe",50338.74,1210.54,41.7,"Community_transmission",0.001652556,0.114523888,0,0,0,0.077022279,47.11922029,46.227638,2.213749,70.20377468,11.54132609,38922.54789,80.181,38922.54789,2.344204,0,0,0,446307.4672,107815.835478,4.77,86.06,5.98,68067.8575
"Gabon","Africa",5317.8,31.9,21,"Community_transmission",0.028935847,0.282017884,0.011189046,0.185191235,0.0440481,0.267156045,8.224764233,-0.803689,11.609444,151.18125,25.29725769,7464.6409,88.9528,7464.6409,5.581314,0.009838501,0.230453427,0.014840602,190270.2506,23207.449787,7.2,259.967,6.3,3064.195
"Gambia","Africa",1780.14,55.86,21.8,"Community_transmission",0.011759807,0.133776567,0.054937772,0.026574461,0.038906579,0.165620608,225.3065217,13.443182,-15.310139,82.3163075,27.97866699,708.3577634,60.5892,708.3577634,6.567363,0.033643685,0.110079033,0.002467677,263611.1524,1825.471,1.91,331.43,1.1,9713.19666666667
"Georgia","Europe",65942.84,828.74,38.6,"Community_transmission",0.001288523,0.109937943,0.015369056,0,0.001932838,0.227950543,65.19733021,42.315407,43.356892,78.6664891,6.957606122,4370.769825,58.2374,4370.769825,2.964227,0.005581159,0,0,44733.287,43910.3683080002,7.11,496.218,2.6,23537.6875
"Germany","Europe",27355.17,741.86,47.8,"Community_transmission",0.000991152,0.146411659,0,0,0,0.081853779,237.3075967,51.165691,10.451526,60.1511108,9.429345385,44400.56462,77.2746,44400.56462,2.156963,0,0,0,616747.0957,13645.33,8.31,156.139,8,63751.525
"Ghana","Africa",2302.1,14.93,21.4,"Community_transmission",0.010017413,0.173941494,0.031815474,0.192118039,0.02306386,0.2308767,130.8214292,7.946527,-1.023194,96.05532394,27.62778301,2021.120124,55.4018,2021.120124,6.786804,0.090188468,0.130672723,0.024582304,4496573.237,5708.871,4.97,298.245,0.9,1779.394
"Greece","Europe",15789.52,575.36,45.3,"Community_transmission",0.00044683,0.103239767,0,0,0,0.083077678,83.26518231,39.074208,21.824312,53.54714327,14.30444054,19024.2586,78.7206,19024.2586,2.491165,0,0,0,97399.25411,73948.978,4.55,175.695,4.21,28167.8771428571
"Grenada","Americas",1315.29,8.89,33.3,"Sporadic_cases",0.00251472,0.236158233,0.024248567,0,0.035334536,0.235909855,327.8058824,12.262776,-61.604171,128.8380674,27.16824263,10034.52604,36.1802,10034.52604,3.42442,0.007725418,0,0,1991.630165,54544.8243999999,10.71,243.964,3.7,14126.2033333333
"Guam","Western Pacific",44183.08,770.26,29.4,"Clusters_of_cases",0.000713961,0.185593624,0.007481424,0,0.050129023,0.309385026,306.9777778,13.444304,144.793731,192.16915199215,24.5325656357549,35542.53265,94.6978,35542.53265,3.173353,0.011304836,0,0,3252.027047,8253.654,10.18,155.898,0.6,1977.458
"Guatemala","Americas",9112.02,330.55,23.2,"Community_transmission",0.001740349,0.195921888,0.104741737,0.001598859,0.074313064,0.291609196,152.5471258,15.783471,-90.230759,220.1783569,23.93217083,4342.453438,50.6926,4342.453438,4.772492,0.079627841,0,0,723824.6596,18051.795419,8.64320999999999,225.837347000001,1.21607,17997.3566666667
"Guinea","Africa",1122.61,6.4,19.1,"Community_transmission",0.01003892,0.142715843,0.130397823,0.305306526,0.053942345,0.221750365,50.52221227,9.945587,-9.696645,140.5542882,26.19758013,839.7120501,35.8068,839.7120501,6.261439,0.060011871,0.078822533,0.012348601,3474116.639,3637.93681899999,2.42,336.717,0.3,1036.68714285714
"Guinea-Bissau","Africa",1412.6,23.37,18,"Community_transmission",0.016864644,0.150409563,0.062134895,0.026412745,0.069340627,0.231351546,66.65394737,11.803749,-15.180413,128.0463331,27.48197981,695.8105251,42.9476,695.8105251,6.597531,0.252557461,0.117311031,0.024921812,381700.5254,5282.39746199997,2.42,382.474,0.794939999999999,6220.946
"Guyana","Americas",10148.09,228.85,27.5,"Clusters_of_cases",0.012610219,0.211748555,0.047571294,0.014096154,0.036760948,0.270902728,3.957348235,4.860416,-58.93018,197.276783,26.05163301,6053.713492,26.5512,6053.713492,4.766184,0.007748727,0,0.196688313,32340.39448,21224.865446,11.62,373.159,1.6,14377.7166666667
"Haiti","Americas",1044.33,21.57,24.1,"Community_transmission",0.01381867,0.158996217,0.119809128,0.001683191,0.056983648,0.328742851,403.5985486,18.971187,-72.285215,116.9728216,25.13607564,1331.437916,54.3278,1331.437916,4.632082,0.079674374,0,0.012752231,1416730.97,12904.347751,6.65,430.548,0.7,18586.434
"Honduras","Americas",15605.67,375.68,45.6,"Community_transmission",0.000990512,0.238099665,0.192169106,0.001268716,0.076137514,0.291534239,85.68703191,15.199999,-86.241905,160.9768376,24.01401122,2435.840574,56.4522,2435.840574,4.61829,0.040953977,0,0,228355.2056,16905.099623,7.21,240.208,0.7,9712.614
"Hungary","Europe",39204.99,1371.48,43.6,"Community_transmission",0.000223069,0.070741494,0,0,0,0.164602207,107.9814868,47.162494,19.503304,52.13354734,10.8767866,14709.05221,71.0672,14709.05221,2.551818,0,0,0,68179.80479,52725.651,7.55,278.296,7.02,58919.5585714286
"Iceland","Europe",17641.39,84.98,37.1,"Community_transmission",0.00059905,0.115773025,0,0,0,0.073136405,3.518413965,64.963051,-19.020835,92.33924551,2.307253397,65051.14194,93.7752,65051.14194,2.265737,0,0,0,2135.295976,173416.332,5.31,117.992,2.91,31932.41125
"India","South-East Asia",7860.34,112.43,28.7,"Clusters_of_cases",0.001345282,0.074880416,0.094962154,0.004438405,0.056482678,0.27560445,454.9380726,20.593684,78.96288,86.6361734,24.56394071,1885.05656,33.6122,1885.05656,3.794337,0.017296122,0,0.027401915,81125828.03,26179.253,10.39,282.28,0.53,12718.7666666667
"Indonesia","South-East Asia",4263.17,116.13,31.1,"Community_transmission",0.001160996,0.13726551,0.067483421,0.00302229,0.085631867,0.366531916,147.7521901,-0.789275,113.921327,239.5649064,26.26064519,3752.321661,54.6542,3752.321661,3.590123,0.022801541,6.25e-05,0.023344964,10273812.98,3247.401,6.32,342.864,1.04,3355.014
"Iran (Islamic Republic of)","Eastern Mediterranean",17546.19,696.92,31.7,"Community_transmission",0.000341184,0.134756166,0.021642108,5.19e-05,0.027636925,0.281732912,50.22242012,32.427908,53.688046,17.60874276,17.76754189,5307.030804,74.3842,5307.030804,2.74494,0.002339563,2.13e-05,0,784173.5432,12626.093,9.59,270.308,1.5,26210.817
"Iraq","Eastern Mediterranean",15669.42,326.33,21.2,"Community_transmission",6.15e-05,0.086727559,0.023273736,0,0.038428588,0.145789801,88.53057004,33.223191,43.679291,14.71366144,22.33393337,5352.312834,70.2888,5352.312834,5.10372,0.006844312,0.097786042,0,590915.4471,21492.724,8.83,218.612,1.4,25987.0928571429
"Ireland","Europe",41394.46,746.69,37.8,"Community_transmission",0.000486813,0.110499385,0,0,0,0.073486405,70.65344753,53.41291,-8.24389,98.02790506,9.64084359,70459.40734,62.9594,70459.40734,2.307077,0,0,0,31233.24807,121869.168,3.28,126.459,2.96,52786.69
"Israel","Europe",79846.13,596.5,30.4,"Community_transmission",0.001551045,0.08995023,0,0,0,0.079294854,410.4805915,31.046051,34.851612,20.33762782,20.26481766,39790.41806,92.338,39790.41806,2.467147,0,0,0,56906.47757,235630.062,6.74,93.32,2.99,29478.4825
"Italy","Europe",43741.77,1514.67,46.5,"Clusters_of_cases",0.001658128,0.120105117,0,0,0,0.09553505,205.4183722,41.87194,12.56738,76.35498878,12.62638042,32284.13089,70.1476,32284.13089,2.359126,0,0,0,315968.5019,110647.692,4.78,113.151,3.18,45941.1285714286
"Jamaica","Americas",5841.62,120.9,29.4,"Community_transmission",0.005839854,0.264161547,0.0125688,0,0.040823341,0.216251473,270.9930748,18.109581,-77.297508,176.2444825,25.66470417,5151.305334,55.3936,5151.305334,3.383996,0.014099638,0,0,47248.64737,7330.959,11.28,206.537,1.7,23094.6833333333
"Japan","Western Pacific",3216.14,51.2,48.6,"Clusters_of_cases",0.000371838,0.105405746,0,0,0,0.18501688,347.0734584,36.204824,138.252924,136.2051696,11.33879721,38215.82057,91.5374,38215.82057,2.301526,0,0,0,1615976.792,8960.716,5.72,79.37,13.05,18308.0725
"Jordan","Eastern Mediterranean",33013.29,429.77,23.5,"Community_transmission",5.61e-05,0.105527809,0.019455392,0,0.03192618,0.026408775,112.1424983,30.585164,36.238414,8.38079609,19.44318571,4258.55369,90.7382,4258.55369,3.785011,0.002826794,0.006320894,0,112924.5293,60189.206,11.75,208.257,1.4,25971.6466666667
"Kazakhstan","Europe",13066.77,169.63,31.6,"Clusters_of_cases",0.000969608,0.092888197,0.012406677,0,0.002365282,0.201680842,6.769825721,48.019573,66.923684,21.77255298,6.810408141,9419.637369,57.3518,9419.637369,3.219706,0.006543579,0,0,304930.3915,74191.743,7.11,466.792,6.7,20237.0214285714
"Kenya","Africa",1895.88,33.21,20,"Community_transmission",0.034597479,0.214270624,0.028937526,0.070197799,0.039942978,0.268673154,90.29941666,-0.023559,37.906193,54.80080484,25.11858814,1568.856027,26.5724,1568.856027,5.933747,0.035140029,0.171419155,0.014144642,7469318.471,1347.021,2.92,218.637,1.4,1077.87333333333
"Kuwait","Eastern Mediterranean",40274.24,226.9,29.7,"Community_transmission",7.06e-05,0.117203033,0,0,0,0.118998588,232.1723906,29.31166,47.481766,9.824115962,26.08960545,30655.37261,100,30655.37261,2.869504,0,0,0,30302.00697,77878.569,15.84,132.235,2,26840.1475
"Kyrgyzstan","Europe",13054.64,219.64,27.3,"Clusters_of_cases",0.001009872,0.079284872,0.041284009,0,0.001192604,0.220525785,32.96558916,41.20438,74.766098,33.85907856,3.137479615,1220.41043,36.1596,1220.41043,3.321791,0.009363411,0,0,120811.0598,41581.2848730002,7.11,436.362,4.5,8831.22333333333
"Latvia","Europe",38218.68,714.13,44.4,"Community_transmission",0.002072614,0.166774787,0,0,0,0.18023144,30.99347057,56.879635,24.603189,55.69609228,6.696891314,15891.95885,68.088,15891.95885,2.663625,0,0,0,23993.51585,118111.537,4.91,350.06,5.57,47832.895
"Lebanon","Eastern Mediterranean",47173.48,538.72,33.7,"Community_transmission",0.000245793,0.110308049,0.022596932,0,0.028811767,0.112747315,669.4941349,33.854721,35.862285,44.97702968,16.5730676,7736.823285,88.4304,7736.823285,3.803233,0.003016346,6.93e-05,0,64717.89916,54898.6049750001,12.71,266.591,2.9,34376.2633333333
"Lesotho","Africa",4378.58,85.42,24.7,"Community_transmission",0.187166476,0.286993335,0.02264249,0,0.051435214,0.288332561,69.43781291,-29.609988,28.233608,60.71625439,13.46854051,1137.160768,27.7386,1137.160768,4.544893,0.009744446,0,0,886561.5338,15350.231829,3.94,405.126,2.12724999999999,8549.04833333333
"Liberia","Africa",386.74,16.61,18,"Community_transmission",0.008011503,0.156307679,0.154972805,0.378951646,0.083174988,0.20373991,50.03090739,6.428055,-9.429499,207.2174294,25.71297404,684.5848293,50.7074,684.5848293,7.891935,0.081369572,0.291265413,0.068171842,919868.9668,7945.34622499996,2.42,272.509,0.8,11448.985
"Libya","Eastern Mediterranean",18174.46,287.28,25.8,"Community_transmission",0.00022655,0.108734124,0.011615568,0,0.03078854,0.163869375,3.795632381,26.3351,17.228331,3.409302308,22.80773782,5938.576684,79.8244,5938.576684,4.249871,0.003217953,0.137783911,0,73990.28514,45382.3808870001,10.43,341.862,3.7,11691.36
"Lithuania","Europe",68846.84,1091.73,44.5,"Community_transmission",0.000701128,0.165846491,0,0,0,0.185949609,44.72307577,55.169438,23.881275,55.26462994,7.280419231,16983.96583,67.5292,16983.96583,2.643048,0,0,0,32086.28288,137878.211,3.67,342.989,6.56,42089.57
"Luxembourg","Europe",82876.71,953.71,39.5,"Community_transmission",0.000957187,0.116022538,0,0,0,0.078303623,250.1851852,49.815273,6.129583,78.70049942,9.932402372,108928.1788,90.714,108928.1788,2.293816,0,0,0,3673.991292,601322.37,4.42,128.275,4.51,52147.658
"Madagascar","Africa",699.14,10.29,20.3,"Community_transmission",0.001636081,0.20287188,0.035682204,0.059851213,0.031511418,0.231446865,45.13985562,-18.766947,46.869107,117.923334,22.64507981,501.8687864,36.5246,501.8687864,5.997551,0.104139947,0.039241652,0.01671624,4249301.842,355.377,3.94,405.994,0.2,7105.9
"Malawi","Africa",1433.46,45.69,16.8,"Community_transmission",0.056862955,0.228010475,0.030134704,0.156542486,0.040646352,0.129878562,192.4407616,-13.254308,34.301525,83.09760022,22.48867981,369.1806521,16.7288,369.1806521,6.417101,0.029908102,0.027048625,0.015163718,3261794.558,524.063,3.94,227.349,1.3,2162.332
"Malaysia","Western Pacific",7586.73,27.68,29.2,"Clusters_of_cases",0.001896133,0.154618367,0.0255799,0.000989044,0.076324374,0.273203523,95.96282149,4.210484,101.975766,259.0780455,25.78142756,10564.76518,75.4286,10564.76518,3.564684,0.006653605,0,0.011598849,909322.8069,29250.713,16.74,260.942,1.9,2853.082
"Maldives","South-East Asia",31281.45,101.75,29.5,"Clusters_of_cases",3.41e-05,0.155950524,0.05108125,0,0.082515213,0.243722914,1718.986667,3.202778,73.22068,197.0833333,28.29134615,9744.751201,39.3818,9744.751201,4.044547,0.010076471,0,0.004607174,5358.372965,149262.993,9.19,164.905,2.25055599999999,9217.71714285714
"Mali","Africa",403.98,16.74,16,"Community_transmission",0.005183012,0.149653647,0.175597282,0.11983914,0.053126316,0.198780113,15.63501586,17.570692,-3.996166,26.59095843,28.88349519,827.2043904,41.5676,827.2043904,6.911123,0.068413624,0.025296869,0.008840099,5886245.748,6977.88899799996,2.42,268.024,0.1,1615.16
"Malta","Europe",43064.89,643.2,42.3,"Clusters_of_cases",0.000974026,0.120624722,0,0,0,0.084663933,1514.46875,35.937496,14.375416,35.1589416,19.50353654,27777.82338,94.546,27777.82338,2.289586,0,0,0,3440.811545,283106.281,8.83,168.711,4.485,25222.942
"Mauritania","Africa",3608.22,91.4,21,"Community_transmission",0.000310252,0.156673558,0.042769161,0.078398193,0.05129411,0.175561001,4.272163578,21.00789,-10.940835,8.235993237,28.41635737,1583.872509,52.8108,1583.872509,6.52399,0.075310534,0.028798045,0,371554.9454,1567.459,2.42,232.347,1.195402,8701.74
"Mauritius","Africa",459.2,7.86,36.3,"Clusters_of_cases",0.002730689,0.181711443,0.028646857,0,0.064598953,0.286333352,623.3019704,-20.348404,57.552152,146.2398337,23.26766859,10346.91167,40.862,10346.91167,3.891203,0.006144794,0.377854547,0,21631.77858,43137.853175,22.02,224.644,3.4,11100.93
"Mexico","Americas",14985.68,1289.04,29.3,"Community_transmission",0.001864806,0.175219631,0.099056738,7.07e-05,0.052029156,0.27214932,64.91462641,23.634501,-102.552784,62.21506167,21.18582436,9456.311625,79.8658,9456.311625,4.38985,0.021222009,0,0,1836730.458,6592.834,13.06,152.783,1.38,30049.3025
"Monaco","Europe",42426.87,509.63,55.4,"Sporadic_cases",0.000771089,0.125964423,0,0,0,0.077044537,1406.05804528519,43.750298,7.412841,82.59121766,10.44399147,172346.5606,100,172346.5606,2.328892,0.004945046,0,0,404.3524602,290783.199527001,5.46,132.559054,13.8,66576.0666666667
"Mongolia","Western Pacific",632.34,0.61,29.8,"Clusters_of_cases",0.000131279,0.086692904,0.041473626,0,0.002806417,0.266565329,2.040608667,46.862496,103.846656,18.56879849,0.598240897,3944.595588,68.3756,3944.595588,3.293401,0.022132685,0,0,87367.5116,46094.434,4.82,460.043,7,8645.224
"Montenegro","Europe",104538.38,1334.25,39.6,"Clusters_of_cases",0.000147532,0.082942853,0,0,0,0.165949908,46.26223048,42.708678,19.37439,97.15418157,9.60922609,7816.462374,66.4774,7816.462374,2.634288,0,0,0,3692.749642,92894.8740129994,10.08,387.305,3.861,43050.2625
"Morocco","Eastern Mediterranean",12884.9,227.79,29.1,"Clusters_of_cases",0.000387487,0.11490998,0.076416136,0,0.031872643,0.187550966,80.72851893,31.791702,-7.09262,24.8487001,18.18983186,3046.919776,61.9048,3046.919776,4.422784,0.004753554,0.018754351,0,725561.1706,26763.461,7.14,419.146,1.1,33943.204
"Mozambique","Africa",1436.93,14.88,17,"Community_transmission",0.082107374,0.207406672,0.125513357,0.261951596,0.045921025,0.216612366,37.50853531,-18.665695,35.529562,79.08165138,24.28181827,497.418022,35.4594,497.418022,7.771409,0.089094325,0.047556005,0.046919262,8940114.061,2106.225,3.3,329.942,0.7,4416.618
"Myanmar","South-East Asia",2599.29,58.39,29.2,"Clusters_of_cases",0.004058341,0.149324504,0.143134606,0.001201087,0.11208931,0.372273461,82.23861548,21.913965,95.956223,165.9868137,23.24888718,1334.302001,30.3386,1334.302001,4.108704,0.024570963,0,0.01778372,3007115.014,3928.018,4.61,202.104,0.9,1614.794
"Namibia","Africa",13802.17,147.59,21.8,"Community_transmission",0.089044975,0.263289397,0.009004236,0.028714748,0.048898725,0.210559553,2.973745582,-22.95764,18.49041,22.70167426,20.99635385,5029.733195,48.988,5029.733195,5.97993,0.084331955,0.29136642,0,383817.6745,18605.525,3.94,243.811,2.53100999999999,14333.93
"Nepal","South-East Asia",9337.16,70.19,25.3,"Clusters_of_cases",0.000941146,0.061963939,0.190879927,0.000707301,0.09089122,0.146337537,195.9391071,28.394857,84.124008,105.2775371,12.62225128,918.169432,19.3456,918.169432,5.47581,0.114303745,0,0.023399391,1533265.55,14194.313,7.26,260.797,0.3,4875.435
"Netherlands","Europe",58826.29,842.03,42.8,"Community_transmission",0.001301349,0.143026829,0,0,0,0.074779317,511.4759276,52.132633,5.291266,66.78641099,10.3164016,49046.83126,91.0502,49046.83126,2.093076,0,0,0,119928.9429,9714.214,5.29,109.361,3.32,46346.1433333333
"New Zealand","Western Pacific",407.69,5.18,37.2,"Clusters_of_cases",0.0006127,0.09937272,0,0,0,0.128812417,18.38517337,-40.900557,174.885971,142.9639449,10.02285788,41321.06377,86.472,41321.06377,2.586884,0,0,0,23814.55153,59258.999,8.08,128.797,2.61,12768.7916666667
"Nicaragua","Americas",758.84,25.66,27.3,"Community_transmission",0.002356232,0.211943542,0.077675459,0.003768842,0.073712037,0.237611816,53.72704836,12.865416,-85.207229,189.548471,25.23340064,2050.007191,58.3132,2050.007191,4.927748,0.067177051,0,0,127088.2681,19956.958285,11.47,137.016,0.9,28910.148
"Niger","Africa",190.9,6.86,14.8,"Community_transmission",0.001714547,0.117740239,0.110353453,0.255381601,0.054796296,0.20302597,17.71765059,17.607789,8.081666,14.73404801,27.8633484,525.3280062,16.3658,525.3280062,5.8837,0.092386458,0.005025389,0.008461953,8708674.215,7961.49584299997,2.42,238.339,0.3,3264.68285714286
"Nigeria","Africa",681.05,8.12,18.6,"Community_transmission",0.009325619,0.148973633,0.119509011,0.195334405,0.026649292,0.201389625,215.064989,9.081999,8.675277,95.58444308,27.27292564,2217.936761,49.5082,2217.936761,7.156285,0.039914876,0.173891099,0.02383374,58602067.05,542.099,2.42,181.013,1.28222,2019.52833333333
"North Macedonia","Europe",45537.06,1414.05,41.2963277777779,"Community_transmission",5.54e-05,0.083518071,0,0,0,0.189107004,82.59151467,41.608635,21.745275,55.35752545,10.51739888,5502.298984,57.778,5502.298984,2.505899,0,0,0,14494.02241,44354.842,10.08,322.688,4.28,48305.054
"Northern Mariana Islands (Commonwealth of the)","Western Pacific",2310.75,34.75,32.8,"Pending",0.000346218,0.212501577,0.010961928,0,0.046800591,0.297114874,123.6565217,-29.040835,167.954712,566.3958622,27.73741699,22625.3029,91.5312,22625.3029,3.33278,0.011233898,0,0,802.2706521,70432.2972569998,12.13705,206.136227,2.82380599999999,425.6
"Norway","Europe",11947.82,107.36,39.5,"Clusters_of_cases",0.000680355,0.109342368,0,0,0,0.078590859,14.54829163,60.472024,8.468946,90.33627981,1.726859776,75493.11057,81.8622,75493.11057,2.410796,0,0,0,39128.60107,122259.234,5.31,114.316,3.6,39427.7766666667
"occupied Palestinian territory, including east Jerusalem","Eastern Mediterranean",36063.92,407.53,18,"Community_transmission",4.12e-05,0.080273885,0.057265024,0,0.039207029,0.134386662,143.367004467232,31.354676,34.308825,20.33762782,20.26481766,3495.614894,75.8988,3495.614894,4.534656,0.003111658,0.028605514,0,45777.95049,41484.838714,10.59,265.91,1.93746500000001,38768.585
"Oman","Eastern Mediterranean",26630.11,300.59,26.2,"Community_transmission",0.000610563,0.091754805,0.01558044,0,0.030682111,0.126810988,15.6041454,21.512583,55.923255,6.906469167,26.04229615,15528.42193,83.4784,15528.42193,4.314298,0.017460804,0,0,48057.00721,61112.164267,12.61,266.342,1.6,15428.0966666667
"Pakistan","Eastern Mediterranean",2514.85,54.44,22,"Community_transmission",0.000348965,0.042344154,0.170695911,0.005727898,0.07063376,0.15284613,275.2893187,30.375321,69.345116,26.13547042,20.47787865,1391.424619,36.455,1391.424619,3.220858,0.010754103,0,0.001775564,20135994.07,6602.221,8.35,423.031,0.6,10705.7333333333
"Panama","Americas",75807.34,1270.06,30.1,"Community_transmission",0.005351531,0.230283137,0.052030887,0.001318714,0.055803671,0.225725643,56.18607748,8.537981,-80.782127,210.8381772,25.56950256,14889.64139,67.3712,14889.64139,4.199283,0.028347717,0,0,92445.98205,67228.717,8.33,128.346,2.3,20443.122
"Papua New Guinea","Western Pacific",100.59,1.01,24,"Community_transmission",0.009338012,0.154149349,0.108104447,0.041158527,0.087056451,0.402700191,19.00436338,-6.314993,143.95555,256.4114731,25.21211859,2702.954647,13.1166,2702.954647,5.871886,0.145629955,0,0.141147575,1380354.839,18844.495997,17.65,561.494,1.18293,9478.30166666667
"Paraguay","Americas",19364.5,396.21,29.7,"Community_transmission",0.00241368,0.250837527,0.039511299,0,0.037613896,0.2368812,17.50835892,-23.442503,-58.443832,96.10503349,23.65548429,5525.43392,61.308,5525.43392,3.608851,0.006794714,0,0,149596.0935,18055.231,8.27,199.128,1.3,32142.656
"Peru","Americas",35991.24,1283.16,29.1,"Community_transmission",0.00257009,0.244523619,0.020107959,0.003222397,0.034942821,0.141770963,24.99160625,-9.189967,-75.015152,130.1063933,19.75511154,6612.707723,77.7244,6612.707723,3.274954,0.007964888,0,0,928106.2262,12322.303,5.95,85.755,1.6,20829.42
"Philippines","Western Pacific",4918.69,102.49,24.1,"Community_transmission",0.002679448,0.122305047,0.092858521,0.000117346,0.118254701,0.385533521,357.6883053,12.879721,121.774017,210.877417,25.91275321,3187.020952,46.6994,3187.020952,3.852608,0.032876399,0.004833877,0.027521469,5634123.49,13628.885,7.07,370.437,1,8428.89166666667
"Poland","Europe",41131.42,1039.99,41.9,"Community_transmission",0.000428524,0.076295523,0,0,0,0.181569078,124.0234822,51.919438,19.145136,50.62085638,8.667609712,14010.32121,60.1312,14010.32121,2.508853,0,0,0,352061.5241,44658.413,5.91,227.331,6.62,61647.616
"Portugal","Europe",75310.48,1407.71,44.6,"Clusters_of_cases",0.003869877,0.12444022,0,0,0,0.085899264,112.2619412,39.399872,-8.224454,69.05979978,15.47696051,21505.16212,64.6454,21505.16212,2.402729,0,0,0,151979.4082,136424.942,9.85,127.842,3.39,28556.2666666667
"Puerto Rico","Americas",33612.7,659.94,43.6,"Community_transmission",0.002364417,0.27854883,0,0,0,0.16290449,360.0173619,18.220833,-66.590149,181.7696521,25.59597179,31199.00344,93.5934,31199.00344,3.276853,0,0.091175938,0,50862.86633,83029.5544750001,10.20959,161.525824,4.202193,10990.285
"Qatar","Eastern Mediterranean",53634.9,87.12,33.7,"Community_transmission",5.48e-05,0.09766765,0.00723677,0,0.029297859,0.128238371,239.5931955,25.354826,51.183884,5.061756859,27.9660516,61464.64005,99.0722,61464.64005,3.779874,0.002223938,0,0,12435.16098,108569.175,16.52,176.69,1.2,25011.384
"Republic of Korea","Western Pacific",1589.4,28.91,43.2,"Clusters_of_cases",0.000587137,0.161980609,0.003170239,0.000156861,0.025733103,0.192778116,529.3585013,35.907757,127.766922,101.9648503,8.851511522,30981.42147,81.5176,30981.42147,2.820981,0.005066729,0,0,440434.9377,19995.162,6.8,85.998,12.27,11491.0814285714
"Republic of Moldova","Europe",40867.5,881.76,37.7,"Community_transmission",0.002341127,0.162770823,0,0,0,0.219308557,94.26443028,47.411631,28.369885,43.53737849,10.38536875,3571.970053,42.5826,3571.970053,2.647302,0,0,0,62475.42109,60935.7460990002,5.72,408.502,5.8,31463.636
"Romania","Europe",38811.15,985.62,42.5,"Community_transmission",0.000789046,0.088221606,0,0,0,0.183169763,84.63380129,45.943161,24.96676,55.28317583,9.690750032,10928.99014,53.961,10928.99014,2.548196,0,0,0,285166.7987,46310.626,9.74,370.946,6.892,45182.8971428571
"Russian Federation","Europe",27397.34,531.73,40.3,"Clusters_of_cases",0.008151725,0.157698896,0,0,0,0.196828276,8.822067953,61.52401,105.318756,36.82347051,-5.255762756,10338.81069,74.3052,10338.81069,2.777026,0,0,0,3133222.674,130382.931,6.18,431.297,8.05,8265.46
"Rwanda","Africa",1283.26,17.22,19.7,"Community_transmission",0.017032168,0.212964107,0.074670273,0.128716157,0.115812897,0.203513421,498.6598703,-1.940278,29.873888,102.3400335,20.01248558,774.5226038,17.1418,774.5226038,7.638848,0.090975621,0.144169842,0,1354981.741,11432.932,4.28,191.375,0.883469999999997,455.741666666667
"Saint Lucia","Americas",11038.68,103.47,36.9,"Sporadic_cases",0.002158283,0.256518462,0.026222941,0,0.033034975,0.232029673,298.1786885,13.909444,-60.978893,205.9907469,26.38101282,10894.49266,18.6234,10894.49266,3.382297,0.007234927,0,0,2822.435391,49320.3725299998,11.62,204.62,1.3,11088.4
"Saint Vincent and the Grenadines","Americas",11564.81,36.06,35.3,"Clusters_of_cases",0.003997978,0.239368037,0.025192278,0,0.036086985,0.252906961,282.5897436,12.984305,-61.287228,136.433216,27.39501731,7205.562908,51.7866,7205.562908,3.346557,0.009237293,0,0,2756.371111,39736.1674959999,11.62,252.675,2.6,10478.9825
"San Marino","Europe",92433.26,2033.12,45.2,"Community_transmission",0.000747149,0.117165514,0,0,0,0.076627063,563.0833333,43.94236,12.457777,88.3144536263016,10.710868779223,45220.35838,97.063,45220.35838,2.398999,0.005207386,0,0,231.3190871,142592.259459,5.64,130.259442,3.8,55966.15
"Sao Tome and Principe","Africa",6182.73,100.38,19.3,"Community_transmission",0.000140989,0.16953951,0.083900554,0.011155871,0.03565504,0.175207878,219.8208333,0.18636,6.613081,177.2261475,23.93371699,1799.777888,71.927,1799.777888,5.007559,0.007547836,0.000148223,0.026705805,9689.244949,40072.7162460001,2.42,270.113,2.9,3123.66666666667
"Saudi Arabia","Eastern Mediterranean",10646.16,184.01,30.8,"Sporadic_cases",0.000307934,0.104401501,0.010094474,5.89e-05,0.029033747,0.183034196,15.67665431,23.885942,45.079162,5.860535641,25.50970032,21557.94767,83.6224,21557.94767,3.787655,0.002352256,0.023971469,0,400595.3112,76124.519,17.72,259.538,2.7,26060.16625
"Senegal","Africa",1735.38,41.15,19.4,"Community_transmission",0.00320758,0.133991629,0.114991352,0.024813762,0.119637003,0.202599734,82.34747832,14.497401,-14.452362,59.56883689,28.63098878,1352.654466,46.7486,1352.654466,7.190223,0.101969864,0.089355035,0.0103881,1766604.74,4487.26,2.42,241.219,0.702849999999998,5719.86
"Serbia","Europe",58853.37,594.36,43.4,"Community_transmission",0.000275034,0.084631067,0,0,0,0.174109598,79.8376858,44.016521,21.005859,63.15389821,11.05039516,6462.192619,55.96,6462.192619,2.575244,0,0,0,67403.17097,78210.557,10.08,439.415,5.609,49712.9033333333
"Seychelles","Africa",16014.72,71.18,36.8,"Community_transmission",0.001080556,0.171633576,0.022943535,0,0.071521624,0.302071768,210.3521739,-4.679574,55.491977,135.9992685,27.40689231,15911.82818,56.2604,15911.82818,3.271308,0.007781245,0,0,3093.698218,59684.7958859998,10.55,242.648,3.6,6073.84333333333
"Sierra Leone","Africa",474.99,9.9,19.1,"Community_transmission",0.010028082,0.150285276,0.079307026,0.346189436,0.064572672,0.208262056,105.987171,8.460555,-11.779889,203.3372919,26.42637981,530.1099384,41.6464,530.1099384,6.026111,0.09511781,0.008418908,0.048506736,2196893.968,8674.02963899997,2.42,325.721,0.643893999999998,14744.574
"Singapore","Western Pacific",10208.12,4.96,35.6,"Sporadic_cases",0.000867257,0.127344396,0,0,0,0.196851229,7952.998418,1.352083,103.819836,209.6255116,27.80535833,60962.14425,100,60962.14425,2.384924,0,0,0,65176.35233,29987.765,10.99,92.243,2.4,6916.88571428571
"Slovakia","Europe",48685.79,985.78,41.8,"Clusters_of_cases",6.65e-05,0.087197826,0,0,0,0.163541924,113.2855865,48.669026,19.699024,63.66602628,8.452958686,17809.77652,53.7802,17809.77652,2.688726,0,0,0,54802.94141,360949.022,7.29,287.959,5.82,57117.674
"Slovenia","Europe",83871.67,1873.07,44.9,"Clusters_of_cases",0.000138307,0.089957592,0,0,0,0.137346299,102.9636605,46.151241,14.995463,111.9027647,9.677380513,23624.06463,54.2874,23624.06463,2.693242,0,0,0,13916.66907,73447.824,7.25,153.493,4.5,54737.38
"Somalia","Eastern Mediterranean",305.92,8.43,18.5,"Community_transmission",0.001984269,0.174945845,0.262996333,0.046994458,0.050691553,0.176123926,23.9234769,5.152149,46.199616,22.70419026,27.27487115,1276.673600274,44.3954,1205.330430252,6.56932,0.101044474,0.090459863,0,6209556.983,8468.84294799996,6.05,365.769,0.9,4812.34
"South Africa","Africa",24912.22,783.58,28,"Community_transmission",0.14745607,0.307164656,0.007395387,0.000826249,0.041301184,0.452178193,47.63011978,-30.559482,22.937506,38.30377356,18.2151142,5903.092181,65.846,5903.092181,4.637813,0.029538737,0.080533233,0,11112288.21,28422.361,5.52,200.38,2.32,14306.6833333333
"South Sudan","Africa",411.75,5.81,18.6,"Community_transmission",0.012532606,0.186705055,0.013519102,0.167248732,0.033197423,0.243498522,227.842223114027,6.877,31.307,83.87234119,27.82378718,1119.651333,19.3608,1119.651333,7.355363,0.175925444,0.053810615,0.015209447,2516513.415,783.202,10.43,280.775,1.17909,1168.02
"Spain","Europe",62312.88,1300.44,43.9,"Community_transmission",0.00237485,0.10964755,0,0,0,0.029729722,93.67719744,40.463667,-3.74922,49.68400215,13.90396801,28079.45374,80.0816,28079.45374,2.018317,0,0,0,334587.2058,15801.553,7.17,99.403,2.97,52567.55
"Sri Lanka","South-East Asia",3279.98,17.05,33.7,"Clusters_of_cases",9.66e-05,0.167218262,0.015782575,0,0.09041527,0.292350119,345.558922,7.873054,80.771797,141.0176748,27.25148782,3948.153342,18.4024,3948.153342,3.460558,0.014004668,0,0.001512025,319381.6082,12166.599,10.68,197.093,3.6,9020.74
"Sudan","Eastern Mediterranean",680.76,41.85,18.3,"Community_transmission",0.002744309,0.076803397,0.031290675,0.038065308,0.052241615,0.177445576,195.502389980034,12.862807,30.217636,20.71728683,27.77713558,1077.248251,34.3926,1077.248251,5.800546,0.027151044,0.011530623,0.013722293,2070246.913,12535.0046199999,15.67,431.388,0.8,870.203333333333
"Suriname","Americas",14780.99,274.45,31,"Community_transmission",0.006383747,0.231991032,0.029005469,0.001517985,0.036598834,0.263025409,3.692224359,3.919305,-56.027783,191.7774798,26.09988301,6422.742487,66.0584,6422.742487,4.262997,0.008322278,0.121864572,0,17118.93726,26750.3167149999,12.54,258.314,3.1,21285.066
"Sweden","Europe",58228.2,1199.59,41.1,"Community_transmission",0.000526483,0.135712461,0,0,0,0.18226965,24.98149812,60.128161,18.643501,56.04342372,2.537721731,52701.24611,87.138,52701.24611,2.222294,0,0,0,68074.12431,180606.801553,4.79,133.982,2.22,34354.2771428571
"Switzerland","Europe",61534.17,1025.12,42.7,"Community_transmission",0.002714242,0.130994919,0,0,0,0.076510978,215.4653505,46.818188,8.227512,127.1149784,6.713588109,81503.13181,73.7728,81503.13181,2.238162,0,0,0,47583.27033,81376.764,5.59,99.739,4.53,57037.58
"Syrian Arab Republic","Eastern Mediterranean",831.45,54.74,23.5,"Community_transmission",2.79e-05,0.084637221,0.042608576,0,0.030184652,0.145932792,92.06710777,34.802075,38.996815,22.83998221,18.45703471,4093.39745949691,53.4972,4025.32229384461,4.422995,0.002864491,0.024979618,0,199275.7493,37425.247283,9.53596000000001,376.264,1.5,41451.035
"Tajikistan","Europe",1437.88,9.54,25.3,"Pending",0.000508842,0.071956396,0.073857847,3.2e-05,0.002686856,0.26508328,65.57271417,38.861034,71.276093,43.76687981,4.001359519,847.0129108,27.0036,847.0129108,3.226007,0.010034337,0,0,405405.3022,35123.5827410002,7.11,427.698,4.8,6960.435
"Thailand","South-East Asia",340.2,1.13,39,"Clusters_of_cases",0.007747411,0.208705419,0.035507317,0.000706745,0.063261535,0.275839683,135.8972068,15.870032,100.992541,130.2134678,26.71120801,6705.882145,49.1966,6705.882145,3.638516,0.007420266,0,0.007039241,2163246.552,6731.027,7.04,109.861,2.1,2711.196
"The United Kingdom","Europe",58329.96,1661.58,40.6,"Community_transmission",0.002085203,0.10024839,0,0,0,0.085724798,274.7089819,55.378051,-3.435973,103.6380205,9.062469455,42354.74561,83.141,42354.74561,2.455429,0,0,0,691317.7518,201189.162,4.28,122.137,2.54,40472.1033333333
"Togo","Africa",663.87,9.66,20,"Community_transmission",0.014169022,0.163539695,0.058550268,0.267979536,0.048415554,0.198936359,145.0467733,8.619543,0.824782,97.00906484,27.38863942,630.7471811,41.168,630.7471811,5.85575,0.174178167,0.017761031,0.001106817,1470920.785,5142.972,6.15,280.033,0.7,2342.93
"Trinidad and Tobago","Americas",5441.99,96.46,37.8,"Community_transmission",0.007025826,0.260481464,0.012854568,0,0.031355046,0.239972805,270.9274854,10.691803,-61.222503,133.2558428,26.54560128,17046.54795,53.229,17046.54795,3.169138,0.006038655,0,0,25300.66616,10051.844,10.97,228.467,3,5496.5175
"Tunisia","Eastern Mediterranean",18424.57,614.03,32.7,"Community_transmission",0.000274553,0.116828804,0.025391425,0,0.026798871,0.138221707,74.44132338,33.886917,9.537499,22.15569814,20.38518125,3559.418157,68.6486,3559.418157,4.266479,0.002412001,0.019624968,0,114161.8623,1262.233,8.52,318.991,2.3,47147.4516666667
"Turkey","Europe",30111.3,318.95,32.2,"Community_transmission",6.76e-05,0.099487205,0.01768629,0,0.027189533,0.188848147,106.9601289,38.963745,35.243322,47.59197157,11.66637702,10215.03956,74.6324,10215.03956,3.060982,0.002706887,0,0,753964.9764,66058.574,12.13,171.285,2.81,34591.4728571429
"Uganda","Africa",871.43,7.15,15.7,"Community_transmission",0.034092082,0.204169433,0.033686444,0.352851821,0.073276755,0.355745112,213.0617345,1.373333,32.290275,105.5349147,23.50592596,777.8102211,23.203,777.8102211,5.688672,0.099074577,0.067308471,0.003604237,7233153.21,3501.188,2.5,213.333,0.5,899.8525
"Ukraine","Europe",28573.94,543.54,41.2,"Community_transmission",0.006273921,0.162866303,0,0,0,0.212636742,77.0296708,48.379433,31.16558,47.14680837,9.072880128,2741.783444,69.2572,2741.783444,2.709627,0,0,0,1019773.289,20245.542,7.11,539.849,8.8,41095.955
"United Arab Emirates","Eastern Mediterranean",33294.2,94.03,38.4,"Community_transmission",0.000255831,0.113247152,0.004754499,0,0.024806881,0.317757598,135.6091101,23.424076,53.847818,4.720580513,27.55765032,40878.5428,86.2396,40878.5428,2.324384,0.002080632,0,0,72758.64946,349471.747,17.26,317.84,1.2,24470.6875
"United Republic of Tanzania","Africa",8.52,0.35,18.2,"Pending",0.027499238,0.183360914,0.155028418,0.06708198,0.038790955,0.131010722,63.5790788,-6.369028,34.888822,81.42914897,22.90503654,1020.473123,33.0558,1020.473123,7.835872,0.093294759,0.068552334,0.006534761,8483909.311,4521.684034,5.75,217.288,0.7,1809.12714285714
"United States of America","Americas",80804.12,1389.7,38.5,"Community_transmission",0.005603957,0.181889991,0,0,0,0.118588217,35.71362209,37.09024,-95.712891,55.8877625,7.616999647,60629.43539,82.0612,60629.43539,2.52554,0,0,0,2895404.151,174118.327,10.79,151.089,2.77,19751.58
"United States Virgin Islands","Americas",23615.03,229.83,35.5,"Community_transmission",0.002354979,0.272107162,0,0,0,0.215195654,305.6485714,18.335765,-64.896335,126.717767860867,20.8176799566761,35555.5687,95.5972,35555.5687,2.615329,0,0,0,1487.634298,102355.30914325,9.08219000000002,159.272656,3.504959,10903.5783333333
"Uruguay","Americas",13043.9,141.06,30.1,"Community_transmission",0.003676452,0.201245597,0,0,0,0.17868849,19.70802765,-32.522779,-55.765835,110.6826119,17.94185513,16358.23055,95.2378,16358.23055,2.481942,0,0,0,47041.25409,35941.046,6.93,160.708,2.8,29341.056
"Uzbekistan","Europe",2366.47,18.55,23,"Clusters_of_cases",0.000704044,0.080250478,0.026599262,0,0.002427748,0.22475033,77.47085096,41.377491,64.585262,17.5447076,13.15879317,2052.663052,50.5722,2052.663052,3.147205,0.005823826,0,0,1130855.69,33571.6493590001,7.57,724.417,4,11255.2
"Venezuela (Bolivarian Republic of)","Americas",4575.76,43.36,30,"Community_transmission",0.003420761,0.243183845,0.187897181,0.015740698,0.077581301,0.245535407,32.73079191,6.42375,-66.58973,163.4057516,25.86505513,7733.12371220234,88.19,7210.54651166112,5.530943,0.020371603,0.060463052,0,587444.0996,20723.0232759999,6.47,204.85,0.8,21366.4457142857
"Viet Nam","Western Pacific",21.09,0.36,31.9,"Clusters_of_cases",0.002661151,0.16155239,0.109981818,0.000699,0.08081827,0.45040707,308.1252459,14.058324,108.277199,153.6768327,24.59981795,2384.962135,35.2158,2384.962135,3.120298,0.007850913,0,0.008254647,2287437.805,425.969,6,245.465,2.6,2486.655
"Yemen","Eastern Mediterranean",71.55,20.65,19.8,"Community_transmission",0.000217244,0.072878615,0.09823899,0.012771964,0.05349941,0.185236426,53.97785291,15.552727,48.516388,14.33384929,23.93610449,1059.940298,36.0204,1059.940298,5.355027,0.044702319,0.016231429,0.007908668,1788795.959,14569.732696,5.35,495.003,0.7,19831.7333333333
"Zambia","Africa",3408.57,46.4,16.9,"Community_transmission",0.069018935,0.229081913,0.040574272,0.118292391,0.03698823,0.17735988,23.3414789,-13.133897,27.849332,78.59351564,22.45181442,1394.93894,42.9828,1394.93894,7.925194,0.081461428,0.104574236,0.028918473,3525651.927,7600.931,3.94,234.499,2,2169.45857142857
"Zimbabwe","Africa",2331.84,90.09,20.5,"Community_transmission",0.087042576,0.257618157,0.039793285,0.013333333,0.028672414,0.121891023,37.32459093,-19.015438,29.154857,51.95784237,22.04016122,1521.110227,32.2674,1521.110227,5.685164,0.049674191,0.023431863,0.013354564,3052140.15,3976.657,1.82,307.846,1.7,6132.498
